0 0.54375 0.48203125 0.85625 0.8671875
0 0.69140625 0.7609375 0.1640625 0.2421875
0 0.13359375 0.80625 0.084375 0.146875
0 0.884375 0.815625 0.0359375 0.096875
0 0.0390625 0.8171875 0.078125 0.11875
0 0.871875 0.8171875 0.0609375 0.1078125
0 0.9875 0.81875 0.025 0.071875
0 0.1796875 0.821875 0.078125 0.1296875
0 0.97109375 0.82265625 0.040625 0.06875
0 0.93828125 0.825 0.0359375 0.0734375
0 0.9546875 0.825 0.028125 0.0625
0 0.81953125 0.82578125 0.046875 0.09375
0 0.91484375 0.82578125 0.0296875 0.071875
0 0.26015625 0.83125 0.0578125 0.1
0 0.6 0.834375 0.0734375 0.0984375
0 0.74453125 0.8359375 0.078125 0.103125
0 0.790625 0.8359375 0.034375 0.078125
0 0.2296875 0.8375 0.053125 0.08125
0 0.390625 0.84296875 0.040625 0.0875
0 0.43515625 0.84296875 0.05 0.078125
0 0.35703125 0.85 0.028125 0.0703125
0 0.33203125 0.8515625 0.0375 0.065625