0 0.38125 0.5 0.7625 1
0 0.09296875 0.82265625 0.040625 0.0640625
0 0.06875 0.8171875 0.0375 0.0578125
0 0.0296875 0.81875 0.059375 0.040625
0 0.1328125 0.84765625 0.0421875 0.071875
0 0.51015625 0.93828125 0.0828125 0.1234375
0 0.621875 0.94453125 0.084375 0.1109375
0 0.48125 0.94375 0.075 0.1125
0 0.5828125 0.946875 0.0734375 0.10625
0 0.609375 0.94765625 0.0828125 0.1046875
0 0.5359375 0.9484375 0.0734375 0.103125
0 0.671875 0.95546875 0.084375 0.0890625
0 0.821875 0.96875 0.0828125 0.0625
0 0.64765625 0.9546875 0.0859375 0.090625
0 0.5609375 0.95078125 0.0765625 0.0984375
0 0.809375 0.96875 0.0953125 0.0625
0 0.828125 0.97421875 0.065625 0.0515625
0 0.453125 0.94921875 0.0765625 0.1015625
0 0.73515625 0.96875 0.084375 0.0625
0 0.6984375 0.96640625 0.0859375 0.0671875
0 0.7671875 0.97265625 0.090625 0.0546875
0 0.7109375 0.96875 0.0828125 0.0625
0 0.78359375 0.9765625 0.0953125 0.046875
0 0.74609375 0.97578125 0.0859375 0.0484375
0 0.4078125 0.96796875 0.0578125 0.0578125