0 0.38671875 0.49921875 0.7734375 0.9984375
0 0.1703125 0.871875 0.034375 0.0734375
0 0.14375 0.87265625 0.0328125 0.0671875
0 0.1015625 0.88359375 0.0640625 0.040625
0 0.21796875 0.88984375 0.0359375 0.08125
0 0.64921875 0.8890625 0.065625 0.1234375
0 0.77421875 0.87890625 0.0625 0.125
0 0.61640625 0.90078125 0.059375 0.10625
0 0.73125 0.88515625 0.0546875 0.11875
0 0.7609375 0.884375 0.0640625 0.1171875
0 0.68046875 0.89609375 0.05625 0.1046875
0 0.834375 0.88125 0.0671875 0.1109375
0 0.80703125 0.8859375 0.06875 0.10625
0 0.709375 0.89609375 0.0609375 0.1015625
0 0.5875 0.9109375 0.065625 0.0890625
0 0.896875 0.88671875 0.05625 0.090625
0 0.8625 0.88984375 0.071875 0.090625
0 0.878125 0.88984375 0.06875 0.0875
0 0.90234375 0.89375 0.040625 0.075
0 0.53828125 0.940625 0.0546875 0.0375