0 0.35390625 0.49140625 0.5546875 0.9828125
0 0.22578125 0.86015625 0.021875 0.059375
0 0.20234375 0.8609375 0.0203125 0.053125
0 0.1671875 0.871875 0.0515625 0.0265625
0 0.26953125 0.8734375 0.021875 0.065625
0 0.64609375 0.87734375 0.040625 0.140625
0 0.75390625 0.88359375 0.0359375 0.1875
0 0.61953125 0.8859375 0.0359375 0.1234375
0 0.71796875 0.8859375 0.0296875 0.16875
0 0.74296875 0.8859375 0.0375 0.175
0 0.67421875 0.8875 0.034375 0.1390625
0 0.80625 0.88828125 0.0390625 0.18125
0 0.95703125 0.88984375 0.0484375 0.2078125
0 0.78203125 0.88984375 0.0421875 0.1734375
0 0.6984375 0.89140625 0.0359375 0.1453125
0 0.93984375 0.89296875 0.05 0.20625
0 0.97421875 0.89375 0.0515625 0.203125
0 0.5953125 0.89765625 0.04375 0.109375
0 0.86953125 0.8984375 0.04375 0.18125
0 0.8328125 0.8984375 0.046875 0.1734375
0 0.9015625 0.89921875 0.05 0.1859375
0 0.84609375 0.903125 0.04375 0.178125
0 0.9171875 0.903125 0.0546875 0.184375
0 0.88203125 0.90625 0.046875 0.1765625
0 0.55546875 0.91484375 0.0421875 0.0453125