0 0.384373 0.539696 0.059305 0.145124
0 0.460075 0.518609 0.047445 0.162489
0 0.547499 0.375027 0.042638 0.070631
0 0.506315 0.371582 0.034885 0.065467
0 0.607579 0.701916 0.043608 0.130062
0 0.655304 0.673060 0.039248 0.094751
0 0.679288 0.837580 0.111440 0.196387
0 0.573904 0.845762 0.092542 0.180022
0 0.492587 0.799109 0.076875 0.209596
0 0.817501 0.635740 0.026638 0.062307
0 0.887039 0.621533 0.018788 0.052836
0 0.974994 0.500653 0.050013 0.053333
0 0.907405 0.419891 0.081965 0.246209
0 0.864405 0.358878 0.037145 0.151453
0 0.653053 0.412422 0.046265 0.159511
0 0.709551 0.390640 0.053273 0.083244
0 0.781471 0.408836 0.105147 0.152533
0 0.809251 0.360169 0.075503 0.133511
0 0.971351 0.408093 0.055817 0.124036
0 0.607329 0.374527 0.030687 0.064600
0 0.615000 0.440564 0.027455 0.063164
0 0.131816 0.570031 0.030283 0.065796
0 0.175139 0.425704 0.046838 0.155044
0 0.120832 0.388738 0.058545 0.162942
0 0.056635 0.404171 0.069045 0.129204
0 0.016872 0.517004 0.032525 0.107671
0 0.246660 0.431709 0.043480 0.147356
0 0.317149 0.468933 0.036048 0.115769
0 0.347092 0.427071 0.065700 0.218098
0 0.278194 0.357302 0.070933 0.138507
0 0.424423 0.348513 0.081980 0.158147
0 0.460179 0.318022 0.066282 0.163316
0 0.558730 0.294767 0.073840 0.185018
0 0.675595 0.314404 0.156400 0.170551
0 0.027442 0.326638 0.028880 0.072778
0 0.973776 0.781331 0.046027 0.093889
0 0.269144 0.951882 0.178303 0.093889
