0 0.561259 0.679520 0.064197 0.155049
0 0.548180 0.889553 0.065305 0.214333
0 0.658278 0.876158 0.123075 0.214333
0 0.647487 0.631542 0.115740 0.249484
0 0.826982 0.673731 0.069490 0.120564
0 0.803121 0.974396 0.051908 0.043164
0 0.400924 0.501422 0.045423 0.093316
0 0.481509 0.439811 0.034993 0.068191
0 0.492612 0.320476 0.016825 0.036489
0 0.466536 0.303420 0.031293 0.064618
0 0.393521 0.399004 0.042733 0.111520
0 0.350992 0.415462 0.038020 0.095707
0 0.312971 0.412473 0.022543 0.044262
0 0.281174 0.422642 0.016822 0.039480
0 0.263510 0.396922 0.019180 0.035889
0 0.283389 0.365164 0.018692 0.072693
0 0.236950 0.383513 0.016160 0.050538
0 0.253500 0.347858 0.011100 0.034613
0 0.268884 0.365858 0.015382 0.046382
0 0.216894 0.394936 0.014602 0.051231
0 0.188051 0.390042 0.022153 0.073276
0 0.150619 0.374340 0.051592 0.096707
0 0.159196 0.742942 0.066978 0.084844
0 0.239154 0.885089 0.047722 0.169680
0 0.093176 0.728760 0.038358 0.110542
0 0.020444 0.707589 0.040888 0.141400
0 0.068744 0.410431 0.026077 0.043867
0 0.121457 0.303507 0.010935 0.020436
0 0.014629 0.384011 0.028318 0.047853
0 0.172910 0.299769 0.021870 0.045858
0 0.332734 0.315720 0.066173 0.099698
0 0.311704 0.364569 0.030842 0.057822
0 0.877112 0.416733 0.239575 0.348756
0 0.629721 0.293271 0.237847 0.138889
0 0.917910 0.807160 0.161470 0.358027
