3 0.868483 0.671660 0.029610 0.076564
3 0.152974 0.867018 0.305947 0.262560
3 0.459600 0.876751 0.130610 0.245591
3 0.634503 0.868038 0.050470 0.098698
3 0.712562 0.855476 0.049125 0.079556
3 0.692549 0.897267 0.049202 0.069911
3 0.650024 0.987213 0.065893 0.025422
3 0.506464 0.984509 0.047388 0.030982
3 0.588825 0.717342 0.105140 0.178293
3 0.849142 0.927089 0.171600 0.145716
3 0.960178 0.959031 0.045625 0.078960
3 0.978145 0.887971 0.038760 0.129204
3 0.987256 0.759842 0.025487 0.137098
3 0.862668 0.792502 0.070255 0.113413
3 0.804729 0.744044 0.057737 0.094044
3 0.682186 0.643191 0.041992 0.139271
3 0.750422 0.704931 0.030685 0.123462
3 0.772023 0.670118 0.032705 0.127053
3 0.810987 0.726104 0.042800 0.115569
3 0.835414 0.716056 0.038357 0.128484
3 0.938980 0.686627 0.033110 0.114133
3 0.935547 0.551320 0.073890 0.091876
3 0.833597 0.567111 0.092865 0.096187
3 0.404396 0.600849 0.040377 0.076089
3 0.493023 0.608027 0.042395 0.084702
3 0.398946 0.773122 0.081157 0.140689
3 0.579427 0.557062 0.034320 0.037324
3 0.633735 0.608744 0.037145 0.070342
3 0.641810 0.546656 0.016960 0.039480
3 0.615969 0.539478 0.028263 0.033738
3 0.535014 0.547013 0.048048 0.037324
3 0.708632 0.547013 0.021400 0.041636
3 0.749414 0.540196 0.035127 0.038044
3 0.733666 0.621307 0.046433 0.063884
3 0.722966 0.678729 0.024228 0.058142
3 0.902970 0.669267 0.040040 0.092116
3 0.230271 0.788022 0.256757 0.423956
3 0.179975 0.558698 0.129925 0.090880
3 0.069062 0.677758 0.063875 0.156129
3 0.019255 0.669702 0.038090 0.178800
3 0.028671 0.573073 0.056923 0.078369
3 0.069115 0.565082 0.025680 0.051738
3 0.096077 0.570791 0.030815 0.043369
3 0.306035 0.577667 0.052310 0.059707
3 0.268288 0.563400 0.046365 0.057591
3 0.351954 0.564984 0.062118 0.055480
3 0.402794 0.558893 0.039012 0.038836
3 0.433078 0.558593 0.020065 0.042893
3 0.434809 0.612422 0.024248 0.049476
3 0.459951 0.623462 0.011468 0.034613
3 0.332481 0.518118 0.080743 0.041827
3 0.711055 0.514596 0.017585 0.036542
3 0.781394 0.513062 0.048793 0.028169
3 0.863129 0.514596 0.013623 0.035662
3 0.980898 0.681916 0.034675 0.070889
3 0.990077 0.592398 0.019845 0.045498
