0 0.085420 0.855160 0.050875 0.087573
0 0.133266 0.833627 0.014938 0.064604
0 0.165769 0.569476 0.031492 0.068907
0 0.086429 0.635513 0.062582 0.116280
0 0.041410 0.472213 0.021805 0.036604
0 0.161327 0.478676 0.047645 0.061013
0 0.010005 0.505591 0.020010 0.064604
0 0.240264 0.646462 0.050472 0.118791
0 0.203503 0.616502 0.036450 0.121298
0 0.304432 0.624998 0.088300 0.168191
0 0.373330 0.603822 0.028600 0.059813
0 0.417914 0.644200 0.020188 0.065200
0 0.465523 0.493460 0.023890 0.048449
0 0.431204 0.442318 0.027928 0.053836
0 0.581104 0.553331 0.048898 0.120076
0 0.537305 0.666842 0.026735 0.110698
0 0.547155 0.584604 0.034475 0.087556
0 0.649700 0.752833 0.096740 0.178867
0 0.737119 0.921758 0.047138 0.156484
0 0.806596 0.952089 0.111518 0.095822
0 0.913362 0.921064 0.140010 0.156351
0 0.960775 0.713822 0.075985 0.289680
0 0.884158 0.727331 0.114400 0.264164
0 0.771929 0.531011 0.236467 0.444156
0 0.941224 0.351078 0.116713 0.077809
0 0.988151 0.430318 0.019348 0.058164
0 0.506736 0.447767 0.028438 0.080778
0 0.487827 0.362818 0.024040 0.051591
0 0.506590 0.380798 0.011725 0.029187
0 0.520074 0.376109 0.009967 0.030227
0 0.542821 0.411031 0.033508 0.039964
0 0.434190 0.361867 0.053190 0.094560
0 0.555766 0.346102 0.194017 0.104471
0 0.349634 0.426078 0.026748 0.049711
0 0.389146 0.394196 0.059572 0.130764
0 0.194639 0.763640 0.059352 0.134231
0 0.291580 0.382309 0.139205 0.145889
0 0.150856 0.392033 0.141028 0.139409
0 0.027817 0.644516 0.054525 0.160098
0 0.094481 0.535698 0.072468 0.078800
0 0.136519 0.598236 0.033417 0.077547
0 0.138449 0.664622 0.019347 0.046382
0 0.427321 0.917244 0.108813 0.163182
3 0.618991 0.895480 0.247058 0.209040
