0 0.174351 0.937831 0.098377 0.119076
3 0.072389 0.899764 0.123912 0.200471
3 0.094158 0.690129 0.185870 0.358711
3 0.212550 0.757316 0.090120 0.117831
3 0.303542 0.731473 0.089540 0.183987
3 0.224361 0.666002 0.068422 0.098200
3 0.377974 0.736676 0.064937 0.141164
3 0.432415 0.712678 0.040780 0.068911
3 0.255704 0.539798 0.054423 0.160004
3 0.324428 0.519333 0.071865 0.183573
3 0.199846 0.566316 0.052327 0.080107
3 0.575987 0.850231 0.162025 0.291564
3 0.551629 0.616611 0.205963 0.278911
3 0.384467 0.573673 0.031290 0.065800
3 0.447555 0.576664 0.029610 0.077764
3 0.477039 0.461178 0.057563 0.094062
3 0.480664 0.486929 0.043202 0.054551
3 0.518820 0.482620 0.029070 0.044502
3 0.542412 0.484607 0.014580 0.052342
3 0.565404 0.472893 0.026917 0.033893
3 0.909006 0.500278 0.176513 0.995373
3 0.668675 0.499736 0.053025 0.074422
3 0.714026 0.492291 0.029303 0.034733
3 0.786237 0.495391 0.073260 0.070702
3 0.676001 0.706502 0.034188 0.065742
3 0.688210 0.640142 0.036280 0.054578
3 0.725886 0.700920 0.058608 0.101707
3 0.785889 0.702162 0.062793 0.076902
3 0.784492 0.754258 0.068375 0.064498
3 0.764260 0.886976 0.092095 0.079382
2 0.410524 0.947133 0.157683 0.100471
0 0.389942 0.809451 0.063490 0.145124
0 0.334125 0.835500 0.039770 0.102947
0 0.188306 0.866509 0.048142 0.073178
0 0.224952 0.804727 0.043740 0.066796
0 0.293509 0.806473 0.012058 0.029409
0 0.292807 0.862302 0.051030 0.076267
0 0.450669 0.848096 0.030842 0.059818
0 0.443097 0.794258 0.022430 0.037884
0 0.413235 0.746904 0.014300 0.044867
0 0.484316 0.800740 0.030282 0.071782
0 0.510251 0.781051 0.044023 0.105178
0 0.515860 0.842113 0.028320 0.108671
0 0.665266 0.925793 0.058142 0.115569
0 0.719996 0.848629 0.044778 0.067471
0 0.661229 0.797307 0.080753 0.134231
0 0.780359 0.814533 0.082327 0.132791
0 0.719006 0.790844 0.033918 0.072498
0 0.742579 0.717362 0.010747 0.049018
0 0.715241 0.743116 0.029908 0.041538
0 0.695614 0.701991 0.028507 0.050676
0 0.677855 0.589211 0.063555 0.125036
0 0.761506 0.598973 0.127577 0.175298
0 0.402535 0.486236 0.028040 0.027413
0 0.421110 0.522376 0.021730 0.039044
0 0.420994 0.547713 0.012618 0.027418
0 0.426484 0.610438 0.049303 0.129604
3 0.429676 0.500489 0.005738 0.015769
3 0.399886 0.505951 0.010173 0.006676
3 0.384952 0.520736 0.008225 0.008013
3 0.379431 0.503204 0.007547 0.008213
3 0.388278 0.504409 0.009240 0.008613
