3 0.870973 0.570407 0.055580 0.216387
3 0.317234 0.767356 0.097262 0.185876
3 0.625733 0.949991 0.314275 0.099422
3 0.622390 0.865156 0.063220 0.167502
3 0.661902 0.883851 0.029785 0.074564
3 0.679530 0.808736 0.067475 0.153471
3 0.585071 0.703391 0.180677 0.165102
3 0.568767 0.584884 0.115795 0.205858
3 0.715301 0.672322 0.078517 0.239400
3 0.805640 0.674198 0.105535 0.264164
3 0.841067 0.884689 0.054720 0.190658
3 0.901653 0.928989 0.061075 0.119436
3 0.773152 0.874269 0.074265 0.130724
3 0.939069 0.739067 0.062618 0.148178
3 0.977349 0.643891 0.045303 0.161978
3 0.988293 0.714560 0.021460 0.140711
3 0.424827 0.823009 0.159265 0.299351
3 0.982369 0.561004 0.034947 0.102240
3 0.912495 0.602656 0.040510 0.075640
3 0.291831 0.614747 0.053118 0.130711
3 0.351107 0.592544 0.068950 0.123827
3 0.405717 0.567156 0.040545 0.104622
3 0.444224 0.572980 0.040513 0.098804
3 0.339678 0.477749 0.072800 0.121604
3 0.344959 0.537476 0.072067 0.069849
3 0.499780 0.443193 0.023005 0.047773
3 0.464781 0.491402 0.045163 0.104236
3 0.501582 0.503396 0.029405 0.055040
3 0.575804 0.499373 0.047502 0.096258
3 0.697139 0.580578 0.061413 0.107973
3 0.746592 0.540464 0.046315 0.053684
3 0.791464 0.506082 0.039358 0.079622
3 0.823952 0.532927 0.036135 0.059116
3 0.812501 0.435964 0.023072 0.047351
3 0.853470 0.442598 0.025955 0.030458
3 0.853131 0.430533 0.041563 0.031067
3 0.939144 0.457978 0.032403 0.046747
3 0.907842 0.439129 0.016285 0.030764
3 0.961452 0.441542 0.011535 0.025333
3 0.988510 0.444409 0.021885 0.055191
3 0.803349 0.411391 0.026872 0.042560
3 0.865399 0.407047 0.059117 0.025187
3 0.968612 0.402920 0.017345 0.018676
3 0.136026 0.709929 0.271367 0.575609
