3 0.220749 0.737078 0.353318 0.525844
3 0.030694 0.651282 0.060282 0.279827
3 0.009170 0.503807 0.017160 0.039480
3 0.038442 0.507098 0.041385 0.044862
3 0.088240 0.509791 0.052825 0.057422
3 0.411924 0.681404 0.041387 0.086738
3 0.466791 0.671736 0.042058 0.161009
3 0.508850 0.707624 0.033085 0.066298
3 0.490905 0.620144 0.018505 0.053836
3 0.361857 0.554473 0.072005 0.196796
3 0.439076 0.564942 0.086473 0.217733
3 0.494763 0.522471 0.047780 0.178258
3 0.467676 0.677696 0.046098 0.150138
3 0.556694 0.910431 0.103767 0.178018
3 0.707392 0.914011 0.137065 0.170822
3 0.576074 0.749287 0.081962 0.195960
3 0.542987 0.621862 0.044630 0.069787
3 0.573714 0.573469 0.037852 0.094298
3 0.589602 0.609193 0.032245 0.105924
3 0.538687 0.522956 0.044630 0.082667
3 0.567194 0.510496 0.013317 0.037800
3 0.590560 0.520880 0.045565 0.081831
3 0.638927 0.593780 0.064725 0.103018
3 0.676562 0.728424 0.089635 0.166244
3 0.901136 0.940751 0.063957 0.098196
3 0.841541 0.857629 0.082368 0.068049
3 0.815558 0.814522 0.070740 0.058573
3 0.768514 0.747144 0.083107 0.076564
3 0.634720 0.533120 0.040700 0.074418
3 0.683017 0.591262 0.023555 0.085538
3 0.654149 0.495733 0.060903 0.057422
3 0.689477 0.505304 0.015815 0.047853
3 0.723125 0.503809 0.050805 0.054436
3 0.765351 0.631516 0.049798 0.122027
3 0.712358 0.571400 0.054170 0.099893
3 0.815486 0.644678 0.033647 0.096902
3 0.821206 0.597420 0.040377 0.100493
3 0.860771 0.708324 0.063592 0.079556
3 0.946878 0.752638 0.105315 0.163320
3 0.920312 0.601029 0.059305 0.130236
3 0.975033 0.619793 0.048855 0.095471
3 0.962315 0.491664 0.075100 0.175142
3 0.833109 0.553756 0.184118 0.170116
0 0.399501 0.972189 0.062792 0.052093
0 0.482179 0.942420 0.098377 0.111631
0 0.451829 0.864896 0.113027 0.145124
0 0.449386 0.744582 0.052327 0.130240
0 0.507994 0.776831 0.062098 0.155049
0 0.833124 0.725976 0.092793 0.115356
0 0.903243 0.804120 0.122795 0.110391
0 0.947895 0.902729 0.101865 0.186053
0 0.804169 0.922573 0.160472 0.148844
0 0.667419 0.965367 0.073957 0.068218
0 0.893126 0.683184 0.120702 0.101711
0 0.652069 0.660856 0.027908 0.044653
0 0.715211 0.634809 0.048143 0.064498
0 0.710676 0.810940 0.199543 0.173649
