0 0.222158 0.658918 0.088155 0.125613
0 0.076935 0.751616 0.054750 0.072351
0 0.151067 0.722760 0.031495 0.074942
0 0.118120 0.744724 0.031495 0.065467
0 0.036479 0.794684 0.029073 0.058569
0 0.243019 0.639173 0.099423 0.202596
3 0.141414 0.380509 0.280418 0.756733
3 0.577119 0.325833 0.416667 0.651542
3 0.847082 0.366111 0.133680 0.274693
3 0.982571 0.376589 0.034857 0.114111
3 0.315900 0.379249 0.088665 0.121449
3 0.334554 0.324984 0.057173 0.083551
0 0.562950 0.641404 0.583335 0.717191
0 0.894791 0.679258 0.210418 0.633333
0 0.132851 0.627142 0.062793 0.111636
0 0.059179 0.656191 0.038763 0.099778
0 0.084211 0.641476 0.033108 0.084702
0 0.179238 0.598656 0.034885 0.080627
0 0.020509 0.669462 0.039538 0.116791
