0 0.679615 0.756333 0.209310 0.166240
0 0.038469 0.570396 0.060282 0.136249
0 0.115056 0.749782 0.108048 0.169698
0 0.246360 0.913009 0.124520 0.173982
0 0.119901 0.480611 0.016957 0.046511
0 0.075576 0.340209 0.151152 0.136098
0 0.204004 0.639896 0.141963 0.166244
0 0.376100 0.680276 0.152400 0.277707
0 0.283313 0.664124 0.046625 0.253671
0 0.345637 0.508002 0.018225 0.041951
0 0.326595 0.467500 0.032010 0.063142
0 0.162449 0.511324 0.026638 0.047769
0 0.217125 0.513193 0.083650 0.151204
0 0.425944 0.447418 0.014797 0.037733
0 0.455735 0.507822 0.010515 0.027689
0 0.493215 0.509553 0.028630 0.045000
0 0.515221 0.611844 0.070292 0.152658
0 0.466931 0.659960 0.021223 0.049502
0 0.475596 0.620324 0.006232 0.026311
0 0.472286 0.441187 0.016357 0.057120
0 0.455832 0.410551 0.016940 0.038080
0 0.544136 0.464724 0.006233 0.043271
0 0.532648 0.500380 0.009735 0.022502
0 0.356928 0.903627 0.105625 0.186916
0 0.496952 0.848929 0.081400 0.223956
0 0.653936 0.913533 0.072678 0.168827
0 0.808496 0.774422 0.047482 0.180027
0 0.841929 0.814476 0.042637 0.177440
0 0.895225 0.845916 0.051360 0.166240
0 0.960392 0.882522 0.074130 0.225676
3 0.096250 0.896204 0.187500 0.207591
3 0.805129 0.909791 0.304423 0.173253
3 0.882490 0.621333 0.232085 0.582276
0 0.348395 0.378980 0.114725 0.090556
0 0.649347 0.435853 0.135355 0.091787
