0 0.029871 0.650318 0.058882 0.174067
3 0.043546 0.560498 0.086407 0.203858
0 0.189371 0.678651 0.037488 0.083151
3 0.246034 0.563369 0.086003 0.180889
3 0.315682 0.560856 0.071870 0.128484
3 0.151755 0.573418 0.100940 0.165093
3 0.099769 0.437100 0.028278 0.038084
3 0.128261 0.468709 0.043273 0.060173
3 0.203238 0.454236 0.032990 0.098258
3 0.338625 0.516311 0.098970 0.170613
0 0.152468 0.564298 0.075405 0.115778
0 0.175175 0.400920 0.305050 0.083022
0 0.311184 0.802760 0.103058 0.154782
1 0.316514 0.872256 0.142147 0.063178
1 0.192135 0.758538 0.097725 0.072649
0 0.291639 0.645611 0.085288 0.105818
0 0.529734 0.529522 0.120822 0.142147
0 0.576820 0.873044 0.087065 0.108978
0 0.461770 0.762487 0.057745 0.071071
0 0.402245 0.682727 0.036425 0.088449
0 0.645227 0.719051 0.033760 0.072653
0 0.438009 0.644629 0.027493 0.072991
0 0.410339 0.541802 0.050697 0.075533
0 0.034596 0.837333 0.063552 0.050142
0 0.476569 0.658084 0.035703 0.099653
0 0.526017 0.671733 0.051055 0.116791
0 0.616563 0.661067 0.034275 0.101556
0 0.611029 0.568716 0.034633 0.131387
0 0.446970 0.514447 0.042130 0.085053
3 0.432333 0.470967 0.068550 0.067916
3 0.927804 0.530571 0.144393 0.158120
0 0.867690 0.627000 0.092030 0.241298
0 0.770776 0.547938 0.045243 0.068551
0 0.150811 0.797980 0.034632 0.055222
0 0.712165 0.523260 0.056555 0.075862
0 0.765892 0.641164 0.038560 0.052098
0 0.810365 0.620600 0.042160 0.063982
0 0.697770 0.653962 0.062725 0.092316
0 0.744905 0.927987 0.092865 0.129804
