0 0.467500 0.452167 0.110920 0.145747
0 0.174531 0.915129 0.065103 0.137173
0 0.249281 0.443593 0.118153 0.180040
0 0.096769 0.379293 0.186872 0.222907
0 0.368036 0.864760 0.080778 0.083591
1 0.102429 0.962900 0.075003 0.074200
0 0.148719 0.478771 0.065173 0.151196
0 0.067600 0.565462 0.134965 0.239120
0 0.241391 0.613944 0.082272 0.125720
0 0.169980 0.639827 0.062400 0.110107
0 0.487889 0.791558 0.151817 0.226822
0 0.653341 0.873633 0.215173 0.242618
0 0.630010 0.554620 0.196405 0.296449
0 0.888216 0.647982 0.088252 0.213476
3 0.355088 0.717427 0.098380 0.131173
3 0.822044 0.437107 0.069447 0.066756
3 0.765112 0.441053 0.044415 0.051680
3 0.802036 0.651856 0.073678 0.107169
3 0.723676 0.591624 0.066862 0.064084
3 0.590241 0.461902 0.037212 0.046516
3 0.296020 0.577722 0.090040 0.120591
3 0.913277 0.418471 0.106110 0.097333
3 0.984260 0.435700 0.030040 0.057711
3 0.641788 0.767804 0.209310 0.205404
3 0.873705 0.799062 0.214335 0.139911
3 0.905939 0.912929 0.181682 0.159262
3 0.972854 0.682964 0.054293 0.092284
