3 0.679212 0.365927 0.045210 0.110147
3 0.054627 0.932276 0.105495 0.135449
3 0.165981 0.883158 0.284663 0.183080
3 0.389526 0.327973 0.103817 0.132471
3 0.480785 0.423978 0.033490 0.083351
3 0.577069 0.449280 0.055257 0.113120
3 0.597162 0.493189 0.043535 0.108653
3 0.694703 0.516260 0.041025 0.071444
3 0.493763 0.333927 0.124750 0.114609
3 0.608047 0.352531 0.080375 0.101213
3 0.147561 0.601100 0.107167 0.175631
3 0.697214 0.324251 0.211822 0.205400
3 0.878476 0.334671 0.150702 0.256009
3 0.961425 0.354018 0.077150 0.232196
0 0.719819 0.617471 0.203452 0.205404
0 0.721494 0.849669 0.131447 0.264938
0 0.820289 0.916647 0.067817 0.160751
0 0.945875 0.934509 0.077865 0.130982
0 0.944620 0.803529 0.082050 0.175636
0 0.983194 0.935253 0.033612 0.129493
0 0.572883 0.749942 0.149030 0.500116
0 0.437668 0.645751 0.136470 0.291733
0 0.287381 0.629380 0.252848 0.285782
0 0.068861 0.524444 0.135633 0.370622
0 0.237985 0.402393 0.195915 0.236662
0 0.379479 0.417278 0.103817 0.180102
3 0.401553 0.033787 0.121770 0.064302
3 0.516088 0.071296 0.085600 0.045009
3 0.402502 0.866784 0.210150 0.257498
