0 0.46875 0.45859375 0.9375 0.9171875
0 0.74453125 0.58046875 0.3421875 0.465625
0 0.31953125 0.671875 0.11875 0.1953125
0 0.06796875 0.66875 0.0859375 0.121875
0 0.13984375 0.68125 0.0796875 0.1296875
0 0.22265625 0.69296875 0.1046875 0.08125
0 0.97578125 0.71875 0.0484375 0.1078125
0 0.68046875 0.7140625 0.1046875 0.13125
0 0.86015625 0.71953125 0.06875 0.103125
0 0.89140625 0.721875 0.05625 0.08125
0 0.93125 0.72265625 0.059375 0.0875
0 0.61015625 0.7171875 0.078125 0.1109375
0 0.8078125 0.7234375 0.0859375 0.128125
0 0.759375 0.72578125 0.084375 0.1125
0 0.5625 0.72421875 0.0734375 0.10625
0 0.2234375 0.725 0.0703125 0.065625