0 0.67578125 0.4703125 0.6484375 0.88125
0 0.07578125 0.57265625 0.1515625 0.2890625
0 0.30078125 0.62109375 0.1546875 0.228125
0 0.00703125 0.57890625 0.0140625 0.1921875
0 0.1828125 0.61953125 0.140625 0.209375
0 0.96328125 0.77109375 0.0421875 0.1671875
0 0.18515625 0.63515625 0.0609375 0.125
0 0.39296875 0.678125 0.0671875 0.11875
0 0.421875 0.69296875 0.065625 0.103125
0 0.815625 0.7671875 0.0828125 0.1390625
0 0.49921875 0.71015625 0.0796875 0.1078125
0 0.4546875 0.70546875 0.0765625 0.10625
0 0.746875 0.76953125 0.0703125 0.0875
0 0.94765625 0.81171875 0.0515625 0.084375
0 0.57421875 0.74296875 0.0890625 0.0625
0 0.68125 0.76640625 0.0625 0.059375
0 0.8859375 0.8046875 0.0921875 0.096875
0 0.634375 0.76328125 0.0546875 0.046875