0 0.69140625 0.36328125 0.6046875 0.7265625
0 0.21640625 0.62421875 0.16875 0.240625
0 0.42109375 0.59453125 0.1375 0.1859375
0 0.07734375 0.65703125 0.1140625 0.2125
0 0.13359375 0.65234375 0.1109375 0.1734375
0 0.32734375 0.62734375 0.1265625 0.1734375
0 0.98125 0.5265625 0.0375 0.1453125
0 0.3328125 0.6390625 0.05625 0.103125
0 0.5078125 0.6140625 0.0609375 0.0984375
0 0.53515625 0.61796875 0.059375 0.0859375
0 0.86484375 0.56640625 0.075 0.115625
0 0.60078125 0.6109375 0.0703125 0.0890625
0 0.5640625 0.61953125 0.06875 0.0875
0 0.81171875 0.5875 0.0609375 0.071875
0 0.978125 0.56328125 0.04375 0.071875
0 0.66796875 0.615625 0.078125 0.05
0 0.75859375 0.60390625 0.05625 0.05
0 0.9296875 0.578125 0.0796875 0.078125
0 0.7203125 0.615625 0.0484375 0.0390625