0 0.696875 0.38984375 0.4890625 0.66875
0 0.18828125 0.58046875 0.13125 0.21875
0 0.39296875 0.58359375 0.109375 0.16875
0 0.04375 0.59140625 0.0875 0.2
0 0.10234375 0.59609375 0.084375 0.159375
0 0.29609375 0.60078125 0.1015625 0.15625
0 0.971875 0.60703125 0.05625 0.1375
0 0.29921875 0.61328125 0.0390625 0.096875
0 0.47421875 0.61640625 0.046875 0.090625
0 0.5 0.62421875 0.0453125 0.078125
0 0.83046875 0.625 0.0578125 0.10625
0 0.56484375 0.6265625 0.0578125 0.0796875
0 0.528125 0.63046875 0.0546875 0.078125
0 0.775 0.6375 0.0515625 0.0625
0 0.95234375 0.64140625 0.0515625 0.0625
0 0.63046875 0.64296875 0.071875 0.0390625
0 0.72109375 0.6453125 0.0484375 0.0421875
0 0.8921875 0.64609375 0.0703125 0.0671875
0 0.68203125 0.65 0.0421875 0.03125