0 0.34921875 0.7765625 0.1125 0.075
0 0.20078125 0.7765625 0.2203125 0.446875
0 0.5796875 0.79453125 0.146875 0.0359375
0 0.903125 0.834375 0.0484375 0.096875
0 0.92734375 0.85390625 0.0515625 0.0921875
0 0.95234375 0.8609375 0.0375 0.090625
0 0.98359375 0.86015625 0.0328125 0.0890625
0 0.5390625 0.48125 0.88125 0.8703125
0 0.03125 0.7359375 0.0625 0.13125
0 0.0921875 0.74140625 0.059375 0.11875
0 0.1328125 0.746875 0.071875 0.1109375
0 0.240625 0.7484375 0.1125 0.1140625
0 0.83515625 0.7625 0.0984375 0.1078125